1,2,3,4,5,6,7,8,9,10,11,12,13,14,15,16,17,18,19,20,21,22,23,24,25,26,27,28
171.0,0.0,0.0,0.0,0.0,0.0,0.0,0.0,0.0,0.0,0.0,0.0,0.0,0.0,0.0,0.0,0.0,0.0,0.0,0.0,0.0,0.0,0.0,0.0,0.0,0.0,0.0,0.0
0.0,174.19681818181792,0.0,0.0,0.0,0.0,0.0,0.0,0.0,0.0,0.0,0.0,0.0,0.0,0.0,0.0,0.0,0.0,0.2814249455894062,0.0,0.0,0.0,0.0,0.0,0.0,0.0,0.0,0.0
0.0,0.0,16.462500000000006,0.007235680511449365,0.00044543540318737405,0.008416254115301733,0.0,0.0,0.0,0.0,0.0,0.0,0.0,0.0,0.0,0.014658818246398732,0.0,0.0,0.0,0.0,1.0619332398424828,0.0,0.0,0.017690759253434066,0.0,0.0,0.0,0.0
0.0,0.0,0.007235680511449365,14.043478260869566,0.021385740494084638,0.0,0.0,0.16750657929251672,0.2816551868309453,0.0,0.0069504804685691585,0.0,0.0,0.005417363388859615,0.0014744195615489714,0.0063048832499128064,0.001042572070285374,0.07405931817601115,0.0,0.0,0.862255562308216,0.0,0.0,0.9869682265368206,0.20789315817840492,0.0,0.0,0.0
0.0,0.0,0.0004454354031873741,0.021385740494084635,17.97809523809524,0.0,0.0,0.034914862437758785,0.024344212713511455,0.0,0.0,0.0007715167498104596,0.0,0.13732709186001926,0.0015430334996209192,0.0,0.0,0.0,0.0,0.0,0.024345781705148308,0.0,0.0,0.000727392967453308,0.0,0.0,0.0,0.0
0.0,0.0,0.008416254115301733,0.0,0.0,15.98117647058824,0.0,0.0,0.0,0.0,0.0,0.0,0.0,0.0,0.0,0.0,0.0,0.0,0.0,0.0,0.0,0.0,0.0,0.0,0.0,0.0,0.0,0.0
0.0,0.0,0.0,0.0,0.0,0.0,6.94,0.0,0.0,0.0,0.0,0.0,0.0,0.0,0.0,2.269047943836483,0.0,0.0,0.0,0.0,0.0017149858514250882,0.0,0.0,0.0,0.0,0.0,0.0,0.0
0.0,0.0,0.0,0.16750657929251675,0.034914862437758785,0.0,0.0,4.484444444444444,0.0,0.0,0.001111111111111111,0.03653385036130495,0.0,1.1922283058765772,0.0,0.00629940788348712,0.03833333333333333,0.0,0.0,0.1414485500374334,0.007276068751089989,0.0,0.0,1.7222222222222223,0.6646803743153545,0.0,0.0,0.0
0.0,0.0,0.0,0.2816551868309453,0.024344212713511455,0.0,0.0,0.0,5.912727272727273,0.0,0.024120907566221088,0.004264014327112209,0.0,0.0809461100193995,0.0,0.0,0.0,0.1661735128220992,0.0,0.0,0.002925089696508523,0.0,0.0,0.0,0.0,0.0,0.0,0.0
0.0,0.0,0.0,0.0,0.0,0.0,0.0,0.0,0.0,3.9759999999999995,0.0,0.0,0.0,0.0,0.0,0.0,0.0,0.0,0.24981993515330195,0.0,0.0,0.0,1.0560334590658893,0.0,0.0,0.0,0.0,0.0
0.0,0.0,0.0,0.0069504804685691585,0.0,0.0,0.0,0.001111111111111111,0.02412090756622109,0.0,2.775555555555555,0.005892556509887895,0.6007569299549435,0.0,0.10370899457402696,0.01259881576697424,1.0316666666666665,0.5280011223332629,0.34412530017745313,0.0,0.0,0.7636753236814713,0.163582576270394,0.0,0.7401050976419195,0.4596194077712559,0.06599663291074442,0.6633333333333333
0.0,0.0,0.0,0.0,0.0007715167498104595,0.0,0.0,0.03653385036130496,0.004264014327112208,0.0,0.005892556509887896,6.667499999999999,0.0,0.0020412414523193153,0.0,0.0,0.0017677669529663686,0.0,0.0,0.0,0.005144957554275264,0.0,0.0,0.0,0.0,0.0,0.0,0.0
0.0,0.0,0.0,0.0,0.0,0.0,0.0,0.0,0.0,0.0,0.6007569299549435,0.0,3.668,0.0,0.0,0.0,0.0,0.0,0.0,0.0,0.0,0.037947331922020544,0.05163977794943224,0.0,0.24981993515330195,0.667240586295528,0.006324555320336759,0.3980200999949626
0.0,0.0,0.0,0.005417363388859615,0.13732709186001926,0.0,0.0,1.1922283058765772,0.08094611001939951,0.0,0.0,0.0020412414523193153,0.0,6.923333333333335,0.004082482904638631,0.0,0.0,0.0,0.0,0.0,0.0,0.0,0.0,0.0,0.0,0.0,0.0,0.0
0.0,0.0,0.0,0.0014744195615489712,0.001543033499620919,0.0,0.0,0.0,0.0,0.0,0.10370899457402695,0.0,0.0,0.004082482904638631,0.9199999999999998,0.0,0.0,0.13279056191361394,0.014999999999999998,0.0,0.0,0.049999999999999996,0.004082482904638631,0.0,0.024999999999999998,0.004999999999999999,0.009999999999999998,0.028284271247461898
0.0,0.0,0.014658818246398732,0.006304883249912805,0.0,0.0,2.269047943836483,0.00629940788348712,0.0,0.0,0.01259881576697424,0.0,0.0,0.0,0.0,3.842857142857142,0.0,0.15584638346171284,0.0,0.0,1.2980450717919472,0.0,0.0,0.8050643275096538,0.0,0.0,0.0,0.0
0.0,0.0,0.0,0.001042572070285374,0.0,0.0,0.0,0.03833333333333333,0.0,0.0,1.0316666666666667,0.0017677669529663686,0.0,0.0,0.0,0.0,2.2,0.0,0.010606601717798212,0.0,0.001212678125181665,0.0,0.008660254037844387,0.04,0.03181980515339464,0.0,0.0,0.0
0.0,0.0,0.0,0.07405931817601114,0.0,0.0,0.0,0.0,0.1661735128220992,0.0,0.5280011223332628,0.0,0.0,0.0,0.13279056191361394,0.15584638346171284,0.0,4.8500000000000005,0.0,0.0,0.0,0.0,0.0,0.0,0.0,0.0,0.0,0.0
0.0,0.28142494558940573,0.0,0.0,0.0,0.0,0.0,0.0,0.0,0.24981993515330195,0.3441253001774531,0.0,0.0,0.0,0.014999999999999998,0.0,0.010606601717798212,0.0,0.8499999999999999,0.0,0.0,0.09999999999999999,0.25719642299223366,0.0,0.07999999999999999,0.08499999999999999,0.049999999999999996,0.07778174593052023
0.0,0.0,0.0,0.0,0.0,0.0,0.0,0.14144855003743342,0.0,0.0,0.0,0.0,0.0,0.0,0.0,0.0,0.0,0.0,0.0,11.953846153846158,0.0,0.0,0.0,0.0,0.0,0.0,0.0,0.0
0.0,0.0,1.0619332398424834,0.8622555623082161,0.024345781705148308,0.0,0.0017149858514250885,0.00727606875108999,0.002925089696508523,0.0,0.0,0.005144957554275265,0.0,0.0,0.0,1.2980450717919472,0.001212678125181665,0.0,0.0,0.0,8.605882352941178,0.0,0.0,3.04948125879016,0.027439773622801415,0.0,0.0,0.0
0.0,0.0,0.0,0.0,0.0,0.0,0.0,0.0,0.0,0.0,0.7636753236814713,0.0,0.037947331922020544,0.0,0.049999999999999996,0.0,0.0,0.0,0.09999999999999998,0.0,0.0,0.9699999999999999,0.024494897427831782,0.0,0.3399999999999999,0.10999999999999997,0.06999999999999999,0.7495331880577404
0.0,0.0,0.0,0.0,0.0,0.0,0.0,0.0,0.0,1.056033459065889,0.163582576270394,0.0,0.05163977794943223,0.0,0.004082482904638631,0.0,0.008660254037844388,0.0,0.2571964229922337,0.0,0.0,0.02449489742783178,1.4533333333333336,0.0,0.040824829046386304,0.06940220937885672,0.016329931618554522,0.023094010767585035
0.0,0.0,0.01769075925343407,0.9869682265368205,0.0007273929674533079,0.0,0.0,1.7222222222222219,0.0,0.0,0.0,0.0,0.0,0.0,0.0,0.805064327509654,0.04,0.0,0.0,0.0,3.049481258790159,0.0,0.0,3.7977777777777773,0.5751135153650585,0.0,0.0,0.0
0.0,0.0,0.0,0.20789315817840492,0.0,0.0,0.0,0.6646803743153545,0.0,0.0,0.7401050976419197,0.0,0.24981993515330192,0.0,0.024999999999999994,0.0,0.03181980515339464,0.0,0.07999999999999999,0.0,0.027439773622801412,0.33999999999999997,0.040824829046386304,0.5751135153650586,0.35999999999999993,0.16999999999999996,0.019999999999999997,0.2757716446627535
0.0,0.0,0.0,0.0,0.0,0.0,0.0,0.0,0.0,0.0,0.4596194077712559,0.0,0.667240586295528,0.0,0.004999999999999999,0.0,0.0,0.0,0.08499999999999998,0.0,0.0,0.10999999999999997,0.06940220937885672,0.0,0.16999999999999996,0.8099999999999999,0.33999999999999997,0.2333452377915607
0.0,0.0,0.0,0.0,0.0,0.0,0.0,0.0,0.0,0.0,0.06599663291074442,0.0,0.006324555320336758,0.0,0.009999999999999998,0.0,0.0,0.0,0.04999999999999999,0.0,0.0,0.06999999999999999,0.016329931618554522,0.0,0.019999999999999997,0.33999999999999997,0.9999999999999998,0.04242640687119285
0.0,0.0,0.0,0.0,0.0,0.0,0.0,0.0,0.0,0.0,0.6633333333333333,0.0,0.3980200999949626,0.0,0.028284271247461898,0.0,0.0,0.0,0.07778174593052023,0.0,0.0,0.7495331880577404,0.023094010767585035,0.0,0.2757716446627535,0.2333452377915607,0.04242640687119285,0.0
