1,2,3,4,5,6,7,8,9,10,11,12,13,14,15,16,17,18,19,20,21,22,23,24,25
18.231304347826093,0.0,0.0,0.0006950480468569159,0.0103209369308428,0.0,0.13073186779067544,0.0,0.00045501575519329014,0.0,0.0,0.0,0.046689952782384095,0.0,0.0030096463271442305,0.0,0.0,0.0,0.7321203501060038,0.0,0.0,0.0,0.0,0.0,0.0
0.0,171.64208092485575,0.0,0.0,0.0,0.0,0.0,0.0,0.0,0.0,0.00024042351841717252,0.0,0.0,0.0,0.003950561531755325,0.0,0.0,0.0,0.0,0.0,0.0,0.0,0.0,0.0,0.0
0.0,0.0,175.00000000000017,0.0,0.0,0.0,0.0,0.0,0.0,0.0,0.04195235392680608,0.0,0.0,0.0,0.0,0.0,0.0,0.0,0.0,0.0,0.0,0.0,0.0,0.0,0.0
0.0006950480468569159,0.0,0.0,2.393333333333333,0.002357022603955158,0.008944271909999158,0.0,0.0,0.0,0.022377237111420624,0.0,0.0,4.198642931845457,0.0,1.5376762169417035,1.2672838408712288,0.0,0.0,2.254918199105255,0.03464101615137755,0.0,0.0,0.022391714737574,0.009045340337332909,0.0
0.0103209369308428,0.0,0.0,0.002357022603955158,0.35999999999999993,0.1359779393872403,0.0,0.0,0.004629100498862757,0.0,0.0,0.0,0.12499999999999997,0.0,0.0,0.05715476066494083,1.916802893709558,0.3606244584051392,0.04783403848824849,0.0,0.0,0.0,0.0,1.1832639757736376,0.06639528095680697
0.0,0.0,0.0,0.008944271909999158,0.1359779393872403,2.4799999999999995,0.0021081851067789197,0.0,0.23811961779944207,0.004618802153517006,0.0,0.0,0.00632455532033676,0.0,0.029692872320923533,0.0,0.0,0.0,0.0,0.0,0.0,0.0,0.0,1.0706293815916283,3.3648422449400712
0.13073186779067547,0.0,0.0,0.0,0.0,0.0021081851067789197,16.716666666666672,0.0,0.0,0.0,0.0,0.0,0.0,0.0,0.0,0.0,0.0,0.0,0.0,0.0,0.0,0.0,0.0,0.08456961748772547,0.0
0.0,0.0,0.0,0.0,0.0,0.0,0.0,3.9999999999999996,0.0,0.0,0.0,0.0,0.0,0.0,0.0,0.0,0.0,0.0,0.0,0.0,1.3168143377105221,0.3320391543176797,0.0,0.0,0.0
0.00045501575519329014,0.0,0.0,0.0,0.004629100498862757,0.23811961779944207,0.0,0.0,19.359047619047622,0.0,0.0,0.0,0.0005143444998736398,0.0,0.0,0.0,0.0,0.0,0.0014285714285714288,0.0,0.0,0.0,0.0,0.021712405933672376,0.0
0.0,0.0,0.0,0.022377237111420624,0.0,0.0046188021535170055,0.0,0.0,0.0,13.23733333333333,0.0,0.0,0.0,0.0,0.3413730445649678,0.0,0.0,0.0,0.002253744679276044,0.0,0.0,0.0,0.0,0.0,0.0
0.0,0.0002404235184171725,0.04195235392680612,0.0,0.0,0.0,0.0,0.0,0.0,0.0,4.114000000000001,0.46217601264741853,0.0,0.03651483716701107,0.000912870929175277,0.0,0.32920358442763054,0.06640783086353597,0.0,0.01825741858350554,0.3176790833529964,0.127455874717488,0.0,0.0,0.0
0.0,0.0,0.0,0.0,0.0,0.0,0.0,0.0,0.0,0.0,0.4621760126474185,4.100000000000001,0.0,0.0,0.0,0.0,0.008333333333333337,0.004082482904638631,0.0,0.0,0.009428090415820637,0.005773502691896258,0.0,0.0,0.0
0.0466899527823841,0.0,0.0,4.1986429318454555,0.125,0.00632455532033676,0.0,0.0,0.0005143444998736398,0.0,0.0,0.0,12.982222222222225,0.0,0.289175872411903,0.0,0.0,0.0,0.5385186913677009,0.0,0.0,0.0,0.0,0.22528209028242838,0.0
0.0,0.0,0.0,0.0,0.0,0.0,0.0,0.0,0.0,0.0,0.03651483716701107,0.0,0.0,1.8533333333333337,0.0,0.0,0.0,0.5686900151517814,0.0,1.4500000000000004,0.016666666666666673,0.0530722777603022,0.0,0.0,0.0
0.0030096463271442305,0.003950561531755325,0.0,1.5376762169417033,0.0,0.029692872320923536,0.0,0.0,0.0,0.341373044564968,0.0009128709291752771,0.0,0.289175872411903,0.0,8.408333333333335,0.02250000000000001,0.0,0.0,0.682855814570004,0.11166666666666669,0.0,0.0,0.0,0.0008703882797784894,0.0
0.0,0.0,0.0,1.2672838408712288,0.05715476066494083,0.0,0.0,0.0,0.0,0.0,0.0,0.0,0.0,0.0,0.02250000000000001,9.035,0.12492219800962344,0.023094010767585035,0.41576092031015005,0.0,0.0,0.0,0.0,0.0017407765595569787,0.0
0.0,0.0,0.0,0.0,1.9168028937095578,0.0,0.0,0.0,0.0,0.0,0.3292035844276305,0.008333333333333337,0.0,0.0,0.0,0.12492219800962341,3.5166666666666675,0.74505313009655,0.0,0.0,0.023570226039551594,0.017320508075688773,0.0,0.31388330199729847,0.08333333333333337
0.0,0.0,0.0,0.0,0.3606244584051392,0.0,0.0,0.0,0.0,0.0,0.06640783086353597,0.004082482904638631,0.0,0.5686900151517815,0.0,0.023094010767585035,0.7450531300965502,1.08,0.0,0.17609183210283588,0.005773502691896259,0.017677669529663688,0.0,0.06784005252999681,0.016329931618554522
0.7321203501060036,0.0,0.0,2.254918199105255,0.04783403848824849,0.0,0.0,0.0,0.0014285714285714288,0.002253744679276044,0.0,0.0,0.538518691367701,0.0,0.6828558145700039,0.41576092031015,0.0,0.0,12.496190476190478,0.0365365657242253,0.0,0.0,0.0,0.0032897584747988455,0.0
0.0,0.0,0.0,0.03464101615137755,0.0,0.0,0.0,0.0,0.0,0.0,0.01825741858350554,0.0,0.0,1.4500000000000004,0.11166666666666669,0.0,0.0,0.17609183210283588,0.0365365657242253,1.7866666666666673,0.020000000000000007,0.004082482904638631,0.004082482904638631,0.0,0.0
0.0,0.0,0.0,0.0,0.0,0.0,0.0,1.316814337710522,0.0,0.0,0.31767908335299644,0.009428090415820637,0.0,0.016666666666666673,0.0,0.0,0.02357022603955159,0.005773502691896259,0.0,0.020000000000000007,1.3200000000000003,0.23678400846904057,0.0,0.0,0.0
0.0,0.0,0.0,0.0,0.0,0.0,0.0,0.3320391543176798,0.0,0.0,0.127455874717488,0.005773502691896258,0.0,0.0530722777603022,0.0,0.0,0.017320508075688773,0.017677669529663688,0.0,0.004082482904638631,0.23678400846904057,0.9699999999999999,0.0,0.0,0.0
0.0,0.0,0.0,0.022391714737574005,0.0,0.0,0.0,0.0,0.0,0.0,0.0,0.0,0.0,0.0,0.0,0.0,0.0,0.0,0.0,0.004082482904638631,0.0,0.0,6.904999999999999,0.0,0.0
0.0,0.0,0.0,0.009045340337332909,1.1832639757736378,1.0706293815916283,0.08456961748772547,0.0,0.021712405933672387,0.0,0.0,0.0,0.22528209028242838,0.0,0.0008703882797784894,0.0017407765595569787,0.31388330199729847,0.06784005252999681,0.0032897584747988455,0.0,0.0,0.0,0.0,7.207272727272729,0.3286542809148185
0.0,0.0,0.0,0.0,0.06639528095680697,3.3648422449400712,0.0,0.0,0.0,0.0,0.0,0.0,0.0,0.0,0.0,0.0,0.08333333333333337,0.016329931618554522,0.0,0.0,0.0,0.0,0.0,0.3286542809148184,4.466666666666669
